0,2.62,6.6605,6.0932,6.5251,8.0633,4.8217,8.23,3.8201,7.26,9.1277,20.928,15.244,16.799,13.235,17.413,17.049,17.449,17.584,17.489,17.616,16.715,17.116,17.148,17.382,16.98,17.617,17.584,16.582,16.921,17.615,18.452,18.952,18.319,19.988,18.318,19.446,21.994,21.515,21.551,21.834,21.921,22.201,21.891,21.915,21.916,21.847,22.068,22.192,22.275,22.307,22.621,22.465,22.775,22.631,22.235,21.722,21.791,22.354,21.713,21.681,22.036,21.292,21.07,20.573,21.9,22.097,22.462,9.5408,13.074,13.893,21.37,19.814,14.214,9.0161,4.637,12.336,18.564,21.461,21.461,21.461,22.135,22.774,22.275,22.042,21.089,20.981,20.942,20.133,19.977,21.305,22.555,21.071,20.259,21.686,21.68,21.833,21.797,22.586,13.758,8.9299,7.4606,8.8298,10.132,6.2914,7.7611,7.6607,10.199,7.2598,5.7571,8.8297,6.7257,6.859,3.0851,9.1968,9.297,9.631,11.167,9.8982,9.8981,7.2264,9.5976,9.6311,1.1819,6.4252,3.8204,9.9315,7.327,7.3268,7.1261,7.0265
2.62,0,4.1073,3.4732,4.109,5.4433,2.4056,5.6768,1.4039,4.7771,8.4142,20.811,15.112,16.684,13.189,17.368,17.003,17.404,17.539,17.443,17.57,16.67,17.07,17.102,17.336,16.934,17.571,17.538,16.536,16.876,17.432,18.473,18.973,18.34,20.009,18.339,19.467,21.947,21.399,21.676,21.945,21.942,22.273,21.962,22.026,21.988,21.919,22.089,22.264,22.347,22.418,22.693,22.486,22.847,22.703,22.346,21.794,21.812,22.375,21.843,21.702,22.182,21.352,21.142,20.684,21.972,22.168,22.522,9.7051,13.186,13.914,21.442,19.939,14.288,8.1023,2.1541,12.29,18.519,21.482,21.482,21.482,22.156,22.795,22.296,22.063,21.11,21.002,21.157,20.348,20.141,21.52,22.701,21.182,20.28,21.707,21.701,21.836,21.681,22.521,13.733,6.4471,4.9777,6.5138,7.6492,3.8753,5.345,5.2446,7.7164,4.7769,3.2742,6.3469,4.2428,4.4429,1.8715,6.7139,6.8141,7.1481,8.6842,7.4154,7.4152,4.7435,7.1147,7.1482,2.5063,4.0091,1.3709,7.4487,5.4117,4.8439,4.71,4.5436
6.6605,4.1073,0,3.1384,0.36908,2.2039,2.7401,1.5695,3.241,2.9733,8.8473,20.811,15.778,17.351,13.856,18.034,17.67,18.07,18.205,18.11,18.237,17.336,17.737,17.769,18.003,17.601,18.238,18.205,17.203,17.542,18.099,18.472,18.972,18.339,20.008,18.338,19.466,21.946,21.398,21.675,21.944,21.942,22.272,21.961,22.026,21.987,21.918,22.088,22.263,22.346,22.417,22.692,22.485,22.846,22.702,22.345,21.793,21.811,22.374,21.842,21.701,22.181,21.351,21.141,20.683,21.971,22.168,22.521,12.009,13.185,13.914,21.441,19.938,14.955,8.7691,2.4878,12.957,19.185,21.481,21.481,21.481,22.155,22.794,22.295,22.062,21.109,21.001,21.156,20.347,20.14,21.519,22.7,21.181,20.28,21.706,21.7,21.835,21.68,22.52,14.4,4.276,1.805,7.1805,5.8453,0.43589,1.6048,1.3709,7.2814,3.6742,3.5404,2.9071,1.4708,0.46917,4.677,3.2741,4.3092,3.7084,5.2445,6.4796,3.9755,3.6742,3.6749,7.047,5.946,0.46919,2.8735,4.5765,6.0784,1.8382,0.66945,1.6714
6.0932,3.4732,3.1384,0,3.4741,2.9053,4.1424,4.6744,3.6417,1.8051,8.3466,20.811,12.64,14.213,10.817,14.896,14.999,15.333,16.736,14.971,15.099,14.732,14.598,14.631,14.864,14.463,15.099,15.167,14.632,14.404,16.262,17.737,18.237,17.604,19.273,17.603,18.731,21.946,21.398,21.675,21.944,21.942,22.272,21.961,22.026,21.987,21.918,22.088,22.263,22.346,22.417,22.692,22.485,22.846,22.702,22.345,21.793,21.811,22.374,21.842,21.701,22.181,21.351,21.141,20.683,21.971,22.168,22.521,12.043,13.185,13.546,21.241,19.938,13.151,5.6307,2.3877,9.8184,17.015,21.481,21.481,21.481,22.155,22.794,22.295,22.062,21.109,21.001,21.156,20.348,20.14,21.519,22.7,21.181,20.28,21.706,21.7,21.835,21.68,22.52,13.399,2.9738,3.007,4.0422,4.176,3.3072,3.9082,4.1754,4.2432,2.0388,1.1706,4.7434,2.4727,3.6075,4.7104,3.9758,3.7753,4.8773,5.7122,3.9422,4.6771,2.0054,4.3766,3.9087,5.9795,3.0067,2.6066,4.3096,2.9401,2.7066,3.8078,2.5727
6.5251,4.109,0.36908,3.4741,0,2.5396,2.371,1.7049,2.872,3.1719,9.0459,20.913,16.114,17.618,14.054,18.233,17.869,18.269,18.404,18.308,18.435,17.535,17.935,17.968,18.201,17.8,18.436,18.403,17.402,17.741,18.435,18.437,18.937,18.438,19.973,18.436,19.431,21.979,21.5,21.64,21.909,21.906,22.237,21.926,21.991,21.952,21.883,22.053,22.228,22.311,22.382,22.657,22.45,22.811,22.667,22.31,21.758,21.776,22.339,21.807,21.666,22.146,21.316,21.106,20.648,21.936,22.133,22.486,11.64,13.15,13.879,21.406,19.903,15.153,8.9677,2.3523,13.155,19.384,21.446,21.446,21.446,22.12,22.759,22.26,22.027,21.074,20.966,21.121,20.312,20.105,21.484,22.665,21.146,20.245,21.671,21.665,21.868,21.782,22.622,14.667,4.4746,2.0036,7.3791,6.044,0.2337,1.8368,1.6029,7.48,3.8728,3.4718,3.1391,1.6694,0.3339,4.3079,3.5061,4.5078,3.9404,5.4765,6.6782,4.2075,3.8728,3.907,7.2456,5.5769,0.66781,2.7381,4.7751,6.277,2.0368,0.60099,1.8701
8.0633,5.4433,2.2039,2.9053,2.5396,0,4.7436,2.504,5.2446,1.5377,8.3458,20.81,13.575,15.147,11.652,15.83,15.6,15.933,17.337,15.906,16.033,15.333,15.533,15.565,15.799,15.397,16.034,16.001,15.233,15.338,16.863,18.338,18.838,18.205,19.874,18.204,19.332,21.945,21.398,21.675,21.944,21.941,22.271,21.961,22.025,21.987,21.917,22.087,22.262,22.345,22.416,22.691,22.484,22.845,22.702,22.345,21.792,21.81,22.374,21.841,21.7,22.18,21.351,21.14,20.682,21.971,22.167,22.52,14.013,13.284,14.113,21.307,19.937,13.752,6.5652,3.6567,10.753,17.616,21.48,21.48,21.48,22.155,22.793,22.294,22.061,21.108,21,21.155,20.347,20.139,21.519,22.699,21.18,20.279,21.706,21.699,21.834,21.679,22.52,13.398,2.0721,0.90338,4.9766,3.6415,2.4394,1.8047,2.005,5.0775,2.3723,3.4745,1.9383,1.3376,2.673,6.6805,1.4042,2.1053,1.972,3.2409,4.2757,2.1056,2.4057,1.805,4.8432,7.9496,1.8718,4.2428,2.3726,4.576,0.73648,2.8733,1.4377
4.8217,2.4056,2.7401,4.1424,2.371,4.7436,0,4.0091,1.0017,3.9404,9.7142,20.913,16.782,18.287,14.722,18.901,18.537,18.937,19.072,18.977,19.104,18.203,18.604,18.636,18.87,18.468,19.105,19.072,18.07,18.409,19.103,19.105,19.105,19.106,19.974,19.105,19.432,21.98,21.501,21.641,21.91,21.907,22.238,21.927,21.991,21.953,21.884,22.054,22.229,22.312,22.382,22.658,22.451,22.812,22.668,22.311,21.759,21.777,22.34,21.807,21.667,22.146,21.317,21.107,20.649,21.937,22.133,22.487,9.6699,13.15,13.879,21.407,19.904,15.822,9.636,1.9517,13.824,20.052,21.446,21.446,21.446,22.121,22.76,22.261,22.028,21.075,20.967,21.121,20.313,20.106,21.485,22.666,21.147,20.245,21.672,21.665,21.869,21.783,22.623,15.336,5.6103,4.1409,8.0474,6.8124,2.3042,4.2078,3.9739,8.1483,4.5411,4.1401,5.5101,3.4061,2.5714,1.9369,5.8771,5.9774,6.3114,7.8475,7.3465,6.5784,4.5411,6.2779,7.9139,3.7067,2.9386,1.5357,6.6119,6.9453,4.0071,2.6382,3.7069
8.23,5.6768,1.5695,4.6744,1.7049,2.504,4.0091,0,4.5101,3.3068,9.1474,20.81,16.079,17.651,14.156,18.334,17.97,18.37,18.505,18.41,18.537,17.636,18.037,18.069,18.303,17.901,18.538,18.505,17.503,17.842,18.399,18.538,18.972,18.539,20.008,18.538,19.466,21.946,21.398,21.675,21.944,21.941,22.272,21.961,22.025,21.987,21.918,22.088,22.263,22.346,22.416,22.692,22.485,22.846,22.702,22.345,21.793,21.811,22.374,21.841,21.701,22.18,21.351,21.141,20.683,21.971,22.167,22.521,13.278,13.184,13.913,21.441,19.938,15.255,9.0692,4.0572,13.257,19.485,21.48,21.48,21.48,22.155,22.794,22.295,22.062,21.109,21.001,21.155,20.347,20.14,21.519,22.7,21.181,20.279,21.706,21.699,21.835,21.68,22.52,14.7,4.5761,2.1051,7.4806,6.1454,1.9386,1.1371,0.63608,7.5815,4.0077,5.1099,1.6381,2.3388,1.4377,5.946,3.5409,4.6093,2.4394,4.3093,6.7797,3.3741,4.0411,2.8399,7.3471,7.2151,1.8048,4.4429,4.8766,6.3785,2.1383,1.3709,2.2388
3.8201,1.4039,3.241,3.6417,2.872,5.2446,1.0017,4.5101,0,4.4413,9.2136,20.913,16.282,17.786,14.222,18.401,18.036,18.437,18.572,18.476,18.603,17.703,18.103,18.135,18.369,17.967,18.604,18.571,17.569,17.909,18.602,18.605,18.938,18.605,19.974,18.604,19.432,21.98,21.501,21.641,21.91,21.907,22.238,21.927,21.991,21.953,21.884,22.054,22.229,22.312,22.383,22.658,22.451,22.812,22.668,22.311,21.759,21.777,22.34,21.808,21.667,22.146,21.317,21.107,20.649,21.937,22.133,22.487,9.67,13.15,13.879,21.407,19.904,15.321,9.1354,1.8183,13.323,19.552,21.447,21.447,21.447,22.121,22.76,22.261,22.028,21.075,20.967,21.121,20.313,20.106,21.485,22.666,21.147,20.245,21.672,21.666,21.869,21.783,22.623,14.835,6.1113,4.6419,7.5468,7.3134,2.8051,4.7088,4.4749,7.6477,4.4411,3.6395,6.0111,3.907,3.0723,1.4359,6.3781,6.4783,6.8124,8.3485,7.0796,7.0794,4.4078,6.7789,7.4133,2.705,3.4396,1.0351,7.1129,6.4447,4.5081,3.306,4.2078
7.26,4.7771,2.9733,1.8051,3.1719,1.5377,3.9404,3.3068,4.4413,0,8.3109,20.912,12.942,14.446,11.283,15.195,15.465,15.798,17.201,15.136,15.264,15.197,14.763,14.796,15.03,14.628,15.264,15.632,15.097,14.569,16.865,18.202,18.703,18.07,19.738,18.068,19.197,21.979,21.5,21.64,21.909,21.906,22.236,21.926,21.99,21.952,21.882,22.052,22.227,22.31,22.381,22.656,22.449,22.81,22.667,22.31,21.757,21.775,22.339,21.806,21.665,22.145,21.316,21.105,20.647,21.936,22.132,22.485,13.209,13.149,13.644,21.205,19.902,13.617,5.7958,2.82,9.9834,17.48,21.445,21.445,21.445,22.12,22.758,22.259,22.026,21.074,20.966,21.12,20.312,20.104,21.484,22.664,21.145,20.244,21.671,21.664,21.868,21.782,22.622,13.432,1.6699,1.5691,4.2072,2.8721,3.005,2.604,2.6707,4.3081,0.93481,2.037,3.2387,1.5025,3.3054,5.8773,2.1707,2.037,3.3726,3.9071,3.5063,2.872,0.96821,2.7717,4.0737,7.1463,2.5041,3.4396,2.6715,3.1051,1.2019,3.5057,1.6026
9.1277,8.4142,8.8473,8.3466,9.0459,8.3458,9.7142,9.1474,9.2136,8.3109,0,17.064,12.468,17.448,13.727,17.968,17.699,18.099,18.234,18.138,18.265,17.365,17.765,17.798,18.031,17.466,18.266,18.233,17.231,17.224,18.139,18.935,19.435,18.802,20.47,18.635,19.695,20.904,22.098,17.023,19.055,22.504,22.835,22.479,22.588,22.55,22.481,22.651,22.78,22.863,22.98,23.255,22.197,23.409,23.265,22.908,21.173,21.022,22.937,22.052,21.989,19.819,16.348,16.356,19.385,15.804,21.551,19.585,12.283,10.503,11.26,19.832,19.294,9.6379,8.6632,8.3268,12.861,18.51,22.005,22.005,22.005,21.258,22.409,22.653,22.589,21.589,21.476,15.13,19.907,20.512,21.791,23.101,16.979,20.018,21.038,21.64,22.423,22.126,23.184,14.407,8.8785,8.2776,8.7449,10.081,8.879,8.3779,8.5113,10.148,8.3775,8.378,8.7783,8.3779,9.1794,9.915,9.2121,9.2455,9.6464,11.116,9.8468,9.9134,8.3775,9.6129,9.5796,9.2143,8.3781,8.3787,9.8801,8.3111,8.3777,9.3797,8.3112
20.928,20.811,20.811,20.811,20.913,20.81,20.913,20.81,20.913,20.912,17.064,0,15.849,20.865,20.909,20.914,20.917,20.916,20.918,20.922,20.916,20.917,20.916,20.916,20.915,20.914,20.917,20.917,20.917,20.784,20.811,20.917,20.917,20.918,20.918,20.917,21.64,22.563,21.868,20.806,22.113,22.785,23.115,22.804,22.869,22.83,22.761,22.9,23.075,23.189,23.26,23.535,22.75,23.689,23.545,23.188,22.204,22.352,23.217,22.613,22.324,22.459,20.557,19.23,21.119,18.53,22.87,21.927,19.75,21.009,20.336,22.539,20.963,18.238,20.92,20.928,20.911,20.982,22.324,22.324,22.324,21.883,22.682,22.264,22.869,21.952,21.813,15.465,20.986,21.083,22.329,23.543,20.672,20.982,22.342,22.402,22.678,22.42,23.296,22.388,20.912,20.912,20.912,20.911,20.913,20.912,20.912,20.912,20.912,20.912,20.912,20.912,20.913,20.914,20.911,20.911,20.911,20.911,20.911,20.911,20.912,20.911,20.911,20.914,20.912,20.913,20.911,20.912,20.912,20.913,20.912
15.244,15.112,15.778,12.64,16.114,13.575,16.782,16.079,16.282,12.942,12.468,15.849,0,10.522,9.8093,12.279,12.643,12.977,14.38,11.114,10.974,12.376,11.842,9.9386,10.072,11.276,12.076,12.811,12.276,10.333,13.781,15.381,15.882,15.249,16.917,15.115,16.225,21.949,22.147,20.226,21.436,22.636,22.91,22.599,22.664,22.822,22.513,22.911,23.098,23.089,23.012,23.379,22.234,23.681,23.34,23.082,21.717,21.793,23.26,22.404,22.114,21.391,19.566,18.397,20.173,17.548,22.358,20.934,15.909,16.378,14.753,19.268,19.154,9.3338,9.4567,15.028,7.4062,13.181,22.366,22.366,22.366,21.653,22.005,21.82,22.768,21.995,21.887,19.295,20.355,20.606,21.7,22.979,19.709,20.792,21.451,22.111,22.373,22.509,23.164,15.978,11.64,14.111,9.6029,10.104,15.947,15.079,15.58,9.0348,12.241,12.642,14.611,14.445,16.248,16.983,12.675,11.606,13.943,11.906,10.07,12.842,12.241,13.376,10.003,16.283,15.446,15.247,11.339,9.8371,14.077,16.448,14.244
16.799,16.684,17.351,14.213,17.618,15.147,18.287,17.651,17.786,14.446,17.448,20.865,10.522,0,3.7846,1.8849,2.1214,5.0612,4.7603,2.7628,0.88573,2.8565,1.6876,2.3555,1.6873,1.5188,3.7923,4.6941,3.5581,1.2936,3.4534,5.795,9.6701,5.495,8.2664,4.7253,8.2592,21.931,21.452,21.661,21.93,21.927,22.258,21.947,22.011,21.973,21.903,22.074,22.249,22.331,22.402,22.677,22.47,22.831,22.688,22.331,21.779,21.663,22.36,21.827,21.687,22.166,21.337,20.959,20.635,21.99,22.153,22.507,18.708,19.783,19.577,20.959,20.191,14.237,12.462,16.532,8.365,13.96,21.466,21.466,21.466,22.141,22.779,22.281,22.048,21.095,20.987,21.141,20.333,20.226,21.471,22.685,21.066,20.265,21.692,21.685,21.82,21.734,22.574,17.859,13.144,15.615,12.209,12.709,17.451,16.583,17.084,11.64,13.745,14.146,16.115,15.949,17.752,18.487,14.179,13.344,15.447,13.41,12.676,14.346,13.745,14.88,12.609,17.787,16.95,16.751,13.244,12.376,15.581,17.952,15.748
13.235,13.189,13.856,10.817,14.054,11.652,14.722,14.156,14.222,11.283,13.727,20.909,9.8093,3.7846,0,4.3048,4.4022,7.3419,6.1391,4.4746,4.6018,4.1352,4.1016,4.1341,4.3678,3.903,4.6027,4.6699,4.0352,3.8758,5.6767,8.0757,11.951,7.0074,10.547,6.9746,9.9387,21.976,21.497,21.383,21.906,21.903,22.233,21.923,21.987,21.949,21.879,22.049,22.224,22.307,22.378,22.653,22.446,22.807,22.664,22.307,21.723,21.607,22.336,21.677,21.662,22.016,21.25,20.841,20.39,21.712,22.129,22.483,15.558,16.156,15.981,20.903,19.805,11.778,10.333,12.968,7.5819,13.841,21.442,21.442,21.442,22.085,22.755,22.256,22.023,21.071,20.963,20.896,20.088,19.881,21.227,22.567,21.042,20.241,21.605,21.661,21.865,21.779,22.619,14.74,10.681,12.051,10.08,10.781,13.887,13.019,13.52,9.7788,11.517,11.517,12.551,12.385,14.188,14.923,11.516,11.215,11.883,12.518,10.547,11.516,11.517,11.516,10.48,14.223,13.386,13.187,11.115,10.247,12.017,14.388,12.184
17.413,17.368,18.034,14.896,18.233,15.83,18.901,18.334,18.401,15.195,17.968,20.914,12.279,1.8849,4.3048,0,0.76511,4.2732,3.7716,2.9424,1.6,2.2685,1.2664,2.5351,2.4014,1.4352,3.3043,3.7054,3.2372,2.0761,1.6704,5.007,8.8822,4.5063,7.4785,2.9369,8.0391,21.98,21.501,21.513,21.91,21.907,22.238,21.927,21.991,21.953,21.884,22.054,22.229,22.312,22.383,22.658,22.451,22.812,22.668,22.311,21.727,21.612,22.34,21.713,21.667,22.052,21.254,20.845,20.521,21.843,22.133,22.487,19.228,20.334,20.16,21.509,20.711,14.821,14.245,17.147,10.053,13.846,21.447,21.447,21.447,22.09,22.76,22.261,22.028,21.075,20.967,21.027,20.219,20.078,21.357,22.571,21.047,20.245,21.609,21.666,21.869,21.783,22.623,18.447,14.593,16.229,13.991,14.492,18.066,17.197,17.698,13.423,15.428,15.429,16.73,16.564,18.366,19.102,15.428,15.127,16.062,15.193,14.459,15.428,15.428,15.494,14.392,18.401,17.565,17.365,15.027,14.159,16.196,18.567,16.363
17.049,17.003,17.67,14.999,17.869,15.6,18.537,17.97,18.036,15.465,17.699,20.917,12.643,2.1214,4.4022,0.76511,0,4.0089,3.7412,3.5462,2.2372,1.8708,1.5364,3.1389,2.9719,1.7014,3.9081,4.0422,2.8061,2.3442,1.4005,4.6759,8.5511,4.4759,7.1474,2.6039,8.0755,21.983,21.504,21.644,21.913,21.91,22.241,21.93,21.994,21.956,21.887,22.057,22.232,22.315,22.386,22.661,22.454,22.815,22.671,22.314,21.762,21.646,22.343,21.811,21.67,22.149,21.32,20.943,20.618,21.973,22.136,22.49,18.959,20.033,19.827,21.142,20.441,14.488,14.515,16.782,10.418,13.943,21.45,21.45,21.45,22.124,22.763,22.264,22.031,21.078,20.97,21.124,20.316,20.209,21.455,22.669,21.05,20.248,21.675,21.669,21.872,21.786,22.626,18.178,14.863,15.865,14.261,14.762,17.702,16.833,17.334,13.693,15.698,15.699,16.365,16.199,18.002,18.738,15.698,15.397,15.698,15.463,14.729,15.698,15.698,15.698,14.662,18.037,17.201,17.001,15.297,14.429,15.832,18.202,15.999
17.449,17.404,18.07,15.333,18.269,15.933,18.937,18.37,18.437,15.798,18.099,20.916,12.977,5.0612,7.3419,4.2732,4.0089,0,7.3495,7.0877,5.077,5.8797,5.4117,6.7138,6.0789,5.6435,7.4496,7.5836,6.815,6.1527,3.9064,2.4045,4.609,8.0841,3.9404,4.5419,8.8771,21.983,21.504,21.644,21.913,21.91,22.241,21.93,21.994,21.956,21.886,22.056,22.231,22.314,22.385,22.66,22.453,22.814,22.671,22.314,21.762,21.646,22.343,21.81,21.67,22.149,21.32,20.942,20.618,21.973,22.136,22.49,19.359,20.433,20.227,21.543,20.841,14.888,14.848,17.183,10.751,13.943,21.449,21.449,21.449,22.124,22.762,22.263,22.031,21.078,20.97,21.124,20.316,20.209,21.454,22.668,21.049,20.248,21.675,21.668,21.872,21.786,22.626,18.578,15.196,16.265,14.595,15.096,18.102,17.233,17.734,14.027,16.032,16.032,16.766,16.6,18.402,19.138,16.031,15.731,16.098,15.797,15.062,16.031,16.032,16.031,14.995,18.437,17.601,17.401,15.63,14.762,16.232,18.603,16.399
17.584,17.539,18.205,16.736,18.404,17.337,19.072,18.505,18.572,17.201,18.234,20.918,14.38,4.7603,6.1391,3.7716,3.7412,7.3495,0,3.3455,4.4755,2.2044,3.0727,4.4417,4.3749,3.4048,2.3376,1.5694,2.104,4.0811,3.7062,6.6813,10.556,0.86829,9.1528,3.8407,9.1456,21.984,21.505,21.645,21.914,21.911,22.242,21.931,21.996,21.957,21.888,22.058,22.233,22.316,22.387,22.662,22.455,22.816,22.672,22.315,21.763,21.647,22.344,21.812,21.671,22.151,21.321,20.944,20.62,21.975,22.137,22.491,19.494,20.568,20.362,21.678,20.976,15.357,16.252,17.318,12.155,14.645,21.451,21.451,21.451,22.125,22.764,22.265,22.032,21.079,20.971,21.126,20.317,20.21,21.456,22.67,21.051,20.249,21.676,21.67,21.873,21.787,22.627,18.98,16.6,17.001,15.998,16.499,18.237,17.368,17.869,15.43,17.435,17.436,17.201,17.436,18.537,19.273,17.435,17.134,17.435,17.2,16.466,17.434,17.435,17.435,16.399,18.572,17.736,17.537,17.034,16.166,17.435,18.738,16.901
17.489,17.443,18.11,14.971,18.308,15.906,18.977,18.41,18.476,15.136,18.138,20.922,11.114,2.7628,4.4746,2.9424,3.5462,7.0877,3.3455,0,2.4113,2.1096,2.0099,1.5091,2.0769,2.075,1.2752,2.177,2.143,1.8164,4.4458,7.7881,11.663,4.2138,10.26,4.9476,10.252,21.989,21.51,21.65,21.919,21.916,22.247,21.936,22,21.962,21.892,22.062,22.237,22.32,22.391,22.666,22.459,22.82,22.677,22.32,21.767,21.652,22.349,21.816,21.676,22.155,21.326,20.948,20.624,21.979,22.142,22.496,19.359,20.433,20.188,21.543,20.802,14.849,12.906,17.143,8.8487,13.909,21.455,21.455,21.455,22.13,22.768,22.269,22.037,21.084,20.976,21.051,20.322,20.215,21.46,22.674,21.055,20.254,21.681,21.674,21.878,21.792,22.632,18.617,13.834,16.305,12.732,13.232,18.141,17.273,17.774,12.163,14.435,14.836,16.805,16.639,18.442,19.177,14.869,13.867,16.137,14.1,13.199,15.036,14.435,15.57,13.132,18.477,17.64,17.441,13.767,12.899,16.271,18.642,16.438
17.616,17.57,18.237,15.099,18.435,16.033,19.104,18.537,18.603,15.264,18.265,20.916,10.974,0.88573,4.6018,1.6,2.2372,5.077,4.4755,2.4113,0,3.1393,1.8702,1.8037,1.1688,1.835,3.4741,4.4093,4.0746,1.6097,3.1035,5.6439,9.5191,5.1768,8.1154,4.2735,8.1082,21.983,21.504,21.643,21.912,21.91,22.24,21.929,21.994,21.955,21.886,22.056,22.231,22.314,22.385,22.66,22.453,22.814,22.67,22.313,21.761,21.645,22.342,21.81,21.669,22.149,21.319,20.942,20.618,21.973,22.136,22.489,19.525,20.6,20.394,21.709,21.008,15.055,12.845,17.349,8.7482,13.976,21.449,21.449,21.449,22.123,22.762,22.263,22.03,21.077,20.969,21.124,20.316,20.208,21.454,22.668,21.049,20.248,21.674,21.668,21.872,21.785,22.625,18.744,13.961,16.432,12.592,13.092,18.269,17.4,17.901,12.024,14.563,14.964,16.932,16.766,18.569,19.305,14.996,13.928,16.265,14.228,13.059,15.163,14.563,15.697,12.992,18.604,17.768,17.568,13.66,12.759,16.399,18.769,16.565
16.715,16.67,17.336,14.732,17.535,15.333,18.203,17.636,17.703,15.197,17.365,20.917,12.376,2.8565,4.1352,2.2685,1.8708,5.8797,2.2044,2.1096,3.1393,0,1.2691,2.8718,3.0388,1.5011,2.4381,2.5721,1.2359,2.3778,3.1377,6.48,10.355,2.9391,8.9515,3.6394,8.6436,21.984,21.505,21.611,21.913,21.911,22.241,21.93,21.995,21.956,21.887,22.057,22.232,22.315,22.386,22.661,22.454,22.815,22.671,22.314,21.762,21.646,22.343,21.811,21.67,22.15,21.32,20.943,20.619,21.94,22.137,22.49,18.625,19.699,19.493,21.109,20.241,14.154,14.248,16.449,10.151,13.943,21.45,21.45,21.45,22.124,22.763,22.264,22.031,21.078,20.97,21.125,20.316,20.109,21.455,22.669,21.05,20.249,21.675,21.669,21.873,21.786,22.626,17.844,14.596,15.531,13.994,14.495,17.368,16.499,17,13.426,15.431,15.432,16.032,15.865,17.668,18.404,15.431,15.13,15.431,15.196,14.462,15.431,15.431,15.431,14.395,17.703,16.867,16.667,15.03,14.162,15.498,17.869,15.665
17.116,17.07,17.737,14.598,17.935,15.533,18.604,18.037,18.103,14.763,17.765,20.916,11.842,1.6876,4.1016,1.2664,1.5364,5.4117,3.0727,2.0099,1.8702,1.2691,0,2.204,2.1038,0.56595,2.3718,3.0065,2.2044,1.5429,2.8032,6.1455,10.021,3.8074,8.617,3.4052,8.6098,21.983,21.504,21.644,21.913,21.91,22.241,21.93,21.994,21.956,21.887,22.057,22.232,22.314,22.385,22.66,22.453,22.815,22.671,22.314,21.762,21.646,22.343,21.81,21.67,22.149,21.32,20.942,20.618,21.973,22.136,22.49,19.025,20.1,19.894,21.209,20.507,14.554,13.713,16.849,9.6166,13.943,21.449,21.449,21.449,22.124,22.763,22.264,22.031,21.078,20.97,21.124,20.316,20.209,21.455,22.668,21.049,20.248,21.675,21.668,21.872,21.786,22.626,18.244,14.061,15.932,13.46,13.961,17.768,16.9,17.401,12.892,14.897,14.897,16.432,16.266,18.069,18.804,14.896,14.596,15.764,14.662,13.927,14.896,14.897,15.197,13.861,18.104,17.267,17.068,14.495,13.628,15.898,18.269,16.065
17.148,17.102,17.769,14.631,17.968,15.565,18.636,18.069,18.135,14.796,17.798,20.916,9.9386,2.3555,4.1341,2.5351,3.1389,6.7138,4.4417,1.5091,1.8037,2.8718,2.204,0,0.83512,1.9349,2.7054,3.6072,3.1724,1.4091,4.1053,7.4476,11.323,5.31,9.919,5.3087,9.6446,21.982,21.503,21.61,21.912,21.909,22.24,21.929,21.994,21.955,21.886,22.056,22.231,22.314,22.385,22.66,22.453,22.814,22.67,22.313,21.761,21.645,22.342,21.81,21.669,22.149,21.319,20.942,20.617,21.939,22.135,22.489,19.058,20.132,19.926,21.509,20.64,14.587,11.81,16.881,7.7131,13.942,21.449,21.449,21.449,22.123,22.762,22.263,22.03,21.077,20.969,21.124,20.315,20.108,21.454,22.668,21.049,20.247,21.674,21.668,21.871,21.785,22.625,18.277,13.493,15.964,11.557,12.057,17.801,16.932,17.433,10.988,14.095,14.496,16.465,16.298,18.101,18.837,14.528,13.46,15.797,13.76,12.024,14.695,14.095,15.229,11.957,18.136,17.3,17.1,13.193,11.724,15.931,18.302,16.098
17.382,17.336,18.003,14.864,18.201,15.799,18.87,18.303,18.369,15.03,18.031,20.915,10.072,1.6873,4.3678,2.4014,2.9719,6.0789,4.3749,2.0769,1.1688,3.0388,2.1038,0.83512,0,1.8347,3.2733,4.1751,3.6401,1.1752,4.0385,6.8127,10.688,5.2432,9.2842,5.2419,9.277,21.982,21.503,21.643,21.912,21.909,22.24,21.929,21.993,21.955,21.886,22.056,22.231,22.314,22.385,22.66,22.453,22.814,22.67,22.313,21.761,21.645,22.342,21.81,21.669,22.148,21.319,20.942,20.617,21.972,22.135,22.489,19.291,20.366,20.16,21.475,20.774,14.821,11.877,17.115,7.7799,13.942,21.449,21.449,21.449,22.123,22.762,22.263,22.03,21.077,20.969,21.123,20.315,20.208,21.454,22.668,21.049,20.247,21.674,21.668,21.871,21.785,22.625,18.51,13.727,16.198,11.623,12.158,18.035,17.166,17.667,11.055,14.329,14.73,16.698,16.532,18.335,19.071,14.762,13.694,16.031,13.994,12.091,14.929,14.329,15.463,12.024,18.37,17.534,17.334,13.426,11.924,16.165,18.535,16.331
16.98,16.934,17.601,14.463,17.8,15.397,18.468,17.901,17.967,14.628,17.466,20.914,11.276,1.5188,3.903,1.4352,1.7014,5.6435,3.4048,2.075,1.835,1.5011,0.56595,1.9349,1.8347,0,2.4368,3.3386,2.403,1.0084,2.972,6.3773,10.253,4.1395,8.8488,3.8393,8.7413,21.948,21.502,21.478,21.811,21.908,22.239,21.928,21.992,21.954,21.885,22.055,22.23,22.312,22.383,22.658,22.418,22.812,22.669,22.312,21.728,21.512,22.341,21.712,21.668,21.984,21.154,20.777,20.453,21.808,22.134,22.421,18.726,19.834,19.626,20.942,20.309,14.287,13.244,16.713,9.151,13.844,21.447,21.447,21.447,22.024,22.761,22.262,22.029,21.076,20.968,20.959,20.151,20.11,21.323,22.537,20.947,20.146,21.61,21.633,21.87,21.784,22.624,18.012,13.659,15.796,13.058,13.558,17.633,16.764,17.265,12.489,14.494,14.495,16.296,16.13,17.933,18.669,14.494,14.193,15.629,14.259,13.525,14.527,14.494,15.061,13.458,17.968,17.132,16.932,14.093,13.225,15.763,18.133,15.93
17.617,17.571,18.238,15.099,18.436,16.034,19.105,18.538,18.604,15.264,18.266,20.917,12.076,3.7923,4.6027,3.3043,3.9081,7.4496,2.3376,1.2752,3.4741,2.4381,2.3718,2.7054,3.2733,2.4368,0,0.93515,1.6695,2.9127,4.7076,8.0165,11.892,3.1725,10.488,5.1759,10.481,21.983,21.504,21.644,21.913,21.91,22.241,21.93,21.995,21.956,21.887,22.057,22.232,22.315,22.386,22.661,22.454,22.815,22.671,22.314,21.762,21.646,22.343,21.811,21.67,22.15,21.32,20.943,20.619,21.974,22.136,22.49,19.526,20.601,20.395,21.71,21.009,15.055,13.947,17.35,9.8506,13.977,21.45,21.45,21.45,22.124,22.763,22.264,22.031,21.078,20.97,21.125,20.316,20.209,21.455,22.669,21.05,20.248,21.675,21.669,21.872,21.786,22.626,18.745,14.296,16.433,13.694,14.195,18.269,17.401,17.902,13.126,15.131,15.131,16.933,16.767,18.57,19.305,15.13,14.83,16.265,14.896,14.161,15.164,15.131,15.698,14.095,18.605,17.769,17.569,14.729,13.862,16.4,18.77,16.566
17.584,17.538,18.205,15.167,18.403,16.001,19.072,18.505,18.571,15.632,18.233,20.917,12.811,4.6941,4.6699,3.7054,4.0422,7.5836,1.5694,2.177,4.4093,2.5721,3.0065,3.6072,4.1751,3.3386,0.93515,0,1.8036,3.8145,4.8416,8.1839,12.059,2.4377,10.655,5.3433,10.648,21.984,21.505,21.645,21.914,21.911,22.241,21.931,21.995,21.957,21.887,22.057,22.232,22.315,22.386,22.661,22.454,22.815,22.672,22.315,21.762,21.647,22.344,21.811,21.67,22.15,21.321,20.943,20.619,21.974,22.137,22.49,19.493,20.568,20.362,21.677,20.976,15.022,14.682,17.317,10.585,13.944,21.45,21.45,21.45,22.125,22.763,22.264,22.031,21.079,20.97,21.125,20.317,20.21,21.455,22.669,21.05,20.249,21.676,21.669,21.873,21.787,22.627,18.712,15.03,16.4,14.429,14.93,18.236,17.368,17.869,13.861,15.866,15.866,16.9,16.734,18.537,19.272,15.865,15.565,16.232,15.631,14.896,15.865,15.866,15.865,14.829,18.572,17.736,17.536,15.464,14.596,16.367,18.737,16.533
16.582,16.536,17.203,14.632,17.402,15.233,18.07,17.503,17.569,15.097,17.231,20.917,12.276,3.5581,4.0352,3.2372,2.8061,6.815,2.104,2.143,4.0746,1.2359,2.2044,3.1724,3.6401,2.403,1.6695,1.8036,0,2.8121,4.0396,7.3819,11.257,2.9723,9.8534,4.5414,9.8462,21.984,21.505,21.644,21.913,21.911,22.241,21.93,21.995,21.956,21.887,22.057,22.232,22.315,22.386,22.661,22.454,22.815,22.671,22.314,21.762,21.646,22.343,21.811,21.67,22.15,21.32,20.943,20.619,21.974,22.137,22.49,18.491,19.566,19.36,20.942,20.074,14.021,14.148,16.315,10.051,13.943,21.45,21.45,21.45,22.124,22.763,22.264,22.031,21.078,20.97,21.125,20.316,20.209,21.455,22.669,21.05,20.249,21.675,21.669,21.873,21.786,22.626,17.71,14.496,15.398,13.894,14.395,17.235,16.366,16.867,13.326,15.331,15.332,15.898,15.732,17.535,18.271,15.331,15.03,15.331,15.096,14.362,15.331,15.331,15.331,14.295,17.57,16.734,16.534,14.93,14.062,15.365,17.735,15.531
16.921,16.876,17.542,14.404,17.741,15.338,18.409,17.842,17.909,14.569,17.224,20.784,10.333,1.2936,3.8758,2.0761,2.3442,6.1527,4.0811,1.8164,1.6097,2.3778,1.5429,1.4091,1.1752,1.0084,2.9127,3.8145,2.8121,0,3.7131,6.8864,10.762,4.9494,9.3579,4.8162,9.1736,21.84,21.51,21.303,21.637,21.916,22.247,21.936,22,21.962,21.893,22.063,22.238,22.321,22.391,22.666,22.311,22.821,22.677,22.32,21.554,21.305,22.349,21.68,21.56,21.908,21.079,20.601,20.277,21.632,22.065,22.247,18.484,19.692,19.419,20.706,20.133,14.013,12.374,16.655,8.3894,13.735,21.455,21.455,21.455,21.921,22.73,22.27,22.037,21.084,20.976,20.783,20.013,20.15,21.329,22.576,20.74,20.116,21.467,21.603,21.878,21.792,22.632,17.985,13.266,15.737,12.264,12.765,17.574,16.705,17.206,11.696,13.868,14.269,16.238,16.072,17.874,18.61,14.302,13.4,15.57,13.533,12.732,14.468,13.868,15.003,12.665,17.909,17.073,16.874,13.3,12.432,15.704,18.075,15.871
17.615,17.432,18.099,16.262,18.435,16.863,19.103,18.399,18.602,16.865,18.139,20.811,13.781,3.4534,5.6767,1.6704,1.4005,3.9064,3.7062,4.4458,3.1035,3.1377,2.8032,4.1053,4.0385,2.972,4.7076,4.8416,4.0396,3.7131,0,3.6054,7.4806,4.4409,6.0769,1.435,8.1073,21.947,21.399,21.55,21.945,21.942,22.273,21.962,22.026,21.988,21.919,22.089,22.264,22.347,22.417,22.692,22.485,22.847,22.703,22.346,21.762,21.646,22.375,21.716,21.702,22.055,21.289,20.88,20.524,21.879,22.168,22.522,19.399,20.536,20.362,21.677,20.912,15.022,15.915,17.348,11.692,14.214,21.481,21.481,21.481,22.124,22.795,22.296,22.063,21.11,21.002,21.03,20.222,20.115,21.361,22.606,21.081,20.28,21.644,21.7,21.836,21.681,22.521,18.549,16.263,16.665,15.662,16.163,18.268,17.399,17.9,15.094,17.099,17.099,16.931,17.099,18.568,19.304,17.098,16.798,17.098,16.864,16.129,17.098,17.099,17.098,16.062,18.603,17.767,17.567,16.697,15.829,17.099,18.768,16.565
18.452,18.473,18.472,17.737,18.437,18.338,19.105,18.538,18.605,18.202,18.935,20.917,15.381,5.795,8.0757,5.007,4.6759,2.4045,6.6813,7.7881,5.6439,6.48,6.1455,7.4476,6.8127,6.3773,8.0165,8.1839,7.3819,6.8864,3.6054,0,3.8752,6.5481,2.4715,3.0059,8.0763,21.984,21.505,21.645,21.914,21.911,22.242,21.931,21.995,21.957,21.888,22.058,22.233,22.315,22.386,22.661,22.454,22.815,22.672,22.315,21.763,21.647,22.344,21.811,21.671,22.15,21.321,20.943,20.619,21.974,22.137,22.491,19.527,20.601,20.395,21.711,21.009,16.358,17.253,18.285,13.156,15.646,21.45,21.45,21.45,22.125,22.763,22.265,22.032,21.079,20.971,21.125,20.317,20.21,21.456,22.669,21.05,20.249,21.676,21.669,21.873,21.787,22.627,19.981,17.601,18.002,16.999,17.5,18.437,18.002,18.37,16.431,18.436,18.437,18.202,18.437,18.57,19.306,18.436,18.135,18.436,18.201,17.467,18.436,18.436,18.436,17.4,18.605,18.437,18.437,18.035,17.167,18.436,18.771,17.902
18.952,18.973,18.972,18.237,18.937,18.838,19.105,18.972,18.938,18.703,19.435,20.917,15.882,9.6701,11.951,8.8822,8.5511,4.609,10.556,11.663,9.5191,10.355,10.021,11.323,10.688,10.253,11.892,12.059,11.257,10.762,7.4806,3.8752,0,10.423,2.4385,6.8811,10.582,21.984,21.505,21.645,21.914,21.911,22.241,21.931,21.995,21.957,21.887,22.057,22.232,22.315,22.386,22.661,22.454,22.815,22.671,22.315,21.762,21.647,22.344,21.811,21.67,22.15,21.321,20.943,20.619,21.974,22.137,22.49,19.527,20.601,20.395,21.71,21.009,16.858,17.753,18.786,13.857,16.147,21.45,21.45,21.45,22.125,22.763,22.264,22.031,21.078,20.97,21.125,20.317,20.21,21.455,22.669,21.05,20.249,21.676,21.669,21.873,21.787,22.627,20.481,18.101,18.503,17.5,18.001,18.937,18.503,18.87,16.932,18.937,18.937,18.703,18.937,18.937,19.306,18.936,18.635,18.936,18.702,17.967,18.936,18.937,18.936,17.9,18.939,18.937,18.938,18.535,17.667,18.937,18.937,18.403
18.319,18.34,18.339,17.604,18.438,18.205,19.106,18.539,18.605,18.07,18.802,20.918,15.249,5.495,7.0074,4.5063,4.4759,8.0841,0.86829,4.2138,5.1768,2.9391,3.8074,5.31,5.2432,4.1395,3.1725,2.4377,2.9723,4.9494,4.4409,6.5481,10.423,0,9.0196,3.7075,9.0124,21.985,21.506,21.646,21.915,21.912,22.242,21.932,21.996,21.958,21.888,22.058,22.233,22.316,22.387,22.662,22.455,22.816,22.673,22.316,21.763,21.648,22.345,21.812,21.671,22.151,21.322,20.944,20.62,21.975,22.138,22.491,19.528,20.602,20.396,21.711,21.01,16.225,17.12,18.152,13.023,15.514,21.451,21.451,21.451,22.126,22.764,22.265,22.032,21.08,20.971,21.126,20.318,20.211,21.456,22.67,21.051,20.25,21.677,21.67,21.874,21.788,22.628,19.848,17.468,17.869,16.867,17.367,18.304,17.869,18.237,16.299,18.303,18.304,18.069,18.304,18.571,19.307,18.303,18.002,18.303,18.069,17.334,18.303,18.303,18.303,17.267,18.606,18.304,18.305,17.902,17.034,18.304,18.772,17.769
19.988,20.009,20.008,19.273,19.973,19.874,19.974,20.008,19.974,19.738,20.47,20.918,16.917,8.2664,10.547,7.4785,7.1474,3.9404,9.1528,10.26,8.1154,8.9515,8.617,9.919,9.2842,8.8488,10.488,10.655,9.8534,9.3579,6.0769,2.4715,2.4385,9.0196,0,5.4773,8.8445,21.984,21.506,21.645,21.914,21.912,22.242,21.931,21.996,21.957,21.888,22.058,22.233,22.316,22.387,22.662,22.455,22.816,22.672,22.315,21.763,21.647,22.344,21.812,21.671,22.151,21.321,20.944,20.62,21.975,22.138,22.491,20.262,21.37,21.097,22.445,21.01,17.894,18.788,19.821,14.692,17.182,21.451,21.451,21.451,22.125,22.764,22.265,22.032,21.079,20.971,21.126,20.317,20.21,21.456,22.67,21.051,20.25,21.676,21.67,21.874,21.787,22.627,21.517,19.137,19.538,18.535,19.036,19.973,19.538,19.906,17.967,19.972,19.973,19.738,19.972,19.973,19.974,19.972,19.671,19.972,19.737,19.003,19.971,19.972,19.972,18.936,19.974,19.973,19.973,19.571,18.703,19.972,19.973,19.438
18.318,18.339,18.338,17.603,18.436,18.204,19.105,18.538,18.604,18.068,18.635,20.917,15.115,4.7253,6.9746,2.9369,2.6039,4.5419,3.8407,4.9476,4.2735,3.6394,3.4052,5.3087,5.2419,3.8393,5.1759,5.3433,4.5414,4.8162,1.435,3.0059,6.8811,3.7075,5.4773,0,7.9753,21.95,21.505,21.479,21.78,21.911,22.241,21.93,21.995,21.956,21.887,22.057,22.232,22.315,22.386,22.661,22.42,22.815,22.671,22.314,21.731,21.481,22.343,21.746,21.67,22.018,21.155,20.778,20.453,21.808,22.137,22.423,19.361,20.502,20.263,21.578,20.977,16.092,17.052,18.151,12.99,15.447,21.45,21.45,21.45,22.026,22.763,22.264,22.031,21.078,20.97,20.959,20.151,20.144,21.357,22.57,20.916,20.148,21.644,21.635,21.872,21.786,22.626,19.782,17.467,17.868,16.865,17.366,18.303,17.868,18.236,16.297,18.302,18.303,18.068,18.302,18.57,19.306,18.302,18.001,18.302,18.067,17.333,18.301,18.302,18.302,17.266,18.605,18.303,18.303,17.901,17.033,18.302,18.77,17.768
19.446,19.467,19.466,18.731,19.431,19.332,19.432,19.466,19.432,19.197,19.695,21.64,16.225,8.2592,9.9387,8.0391,8.0755,8.8771,9.1456,10.252,8.1082,8.6436,8.6098,9.6446,9.277,8.7413,10.481,10.648,9.8462,9.1736,8.1073,8.0763,10.582,9.0124,8.8445,7.9753,0,15.064,21.461,20.381,19.161,20.019,18.998,19.342,18.874,18.548,19.626,18.334,17.8,15.752,17.827,20.045,18.609,20.385,19.096,15.38,15.734,20.669,20.096,19.936,20.706,20.084,19.857,19.221,20.065,19.767,19.187,20.072,19.543,19.588,19.482,22.214,21.409,16.422,18.01,19.279,14.317,17.094,22.211,22.211,22.211,22.499,23.193,21.301,21.041,20.796,20.334,21.077,20.756,20.837,21.829,23.25,21.391,20.685,19.669,20.643,20.842,20.846,20.87,19.22,18.595,18.996,17.994,18.494,19.431,18.996,19.364,17.425,19.43,19.431,19.196,19.431,19.431,19.466,19.43,19.129,19.43,19.196,18.461,19.43,19.43,19.43,18.394,19.433,19.431,19.432,19.029,18.161,19.431,19.431,18.896
21.994,21.947,21.946,21.946,21.979,21.945,21.98,21.946,21.98,21.979,20.904,22.563,21.949,21.931,21.976,21.98,21.983,21.983,21.984,21.989,21.983,21.984,21.983,21.982,21.982,21.948,21.983,21.984,21.984,21.84,21.947,21.984,21.984,21.985,21.984,21.95,15.064,0,12.841,12.496,12.923,13.234,14.888,13.483,13.109,12.248,11.963,14.538,13.202,12.316,16.478,17.902,15.975,21.089,19.265,14.752,8.0289,12.903,16.051,12.815,13.304,13.492,15.567,16.895,18.436,18.164,15.111,16.123,21.257,21.444,21.931,23.865,22.189,19.796,21.533,21.995,21.978,22.3,23.314,23.314,23.314,21.406,21.788,14.195,13.846,16.896,14.224,17.667,21.295,21.825,22.892,24.051,19.524,20.149,12.48,12.509,12.157,13.461,17.818,20.184,21.979,21.979,21.979,21.978,21.979,21.979,21.979,21.979,21.979,21.979,21.979,21.979,21.979,21.981,21.978,21.978,21.978,21.978,21.978,21.978,21.979,21.978,21.978,21.981,21.979,21.98,21.978,21.979,21.979,21.979,21.979
21.515,21.399,21.398,21.398,21.5,21.398,21.501,21.398,21.501,21.5,22.098,21.868,22.147,21.452,21.497,21.501,21.504,21.504,21.505,21.51,21.504,21.505,21.504,21.503,21.503,21.502,21.504,21.505,21.505,21.51,21.399,21.505,21.505,21.506,21.506,21.505,21.461,12.841,0,12.028,17.59,13.771,18.523,15.059,15.271,15.219,12.857,18.709,17.892,19.531,21.056,20.725,18.967,22.778,22.589,22.504,8.5506,10.622,17.123,14.121,9.8615,18.011,20.023,20.396,21.278,21.635,19.668,21.443,21.596,22.214,22.685,24.183,22.437,21.24,21.555,21.516,21.499,22.379,22.912,22.912,22.912,22.852,23.186,15.882,10.589,10.275,13.363,20.093,21.617,21.604,22.604,24.026,21.78,21.172,16.995,14.625,12.137,9.9809,20.201,20.801,21.5,21.5,21.5,21.499,21.5,21.5,21.5,21.5,21.5,21.5,21.5,21.5,21.5,21.502,21.499,21.499,21.499,21.499,21.499,21.499,21.5,21.499,21.499,21.502,21.5,21.501,21.499,21.5,21.5,21.5,21.5
21.551,21.676,21.675,21.675,21.64,21.675,21.641,21.675,21.641,21.64,17.023,20.806,20.226,21.661,21.383,21.513,21.644,21.644,21.645,21.65,21.643,21.611,21.644,21.61,21.643,21.478,21.644,21.645,21.644,21.303,21.55,21.645,21.645,21.646,21.645,21.479,20.381,12.496,12.028,0,14.061,15.698,17.415,15.853,16.012,16.28,14.265,17.81,17.753,17.891,19.627,19.338,18.139,21.296,21.086,21.607,11.174,6.498,17.516,15.78,14.621,13.124,13.251,15.944,18.764,14.679,16.631,17.528,18.31,17.018,17.118,22.212,20.663,16.905,20.809,21.656,21.481,21.721,23.085,23.085,23.085,21.526,22.238,14.631,13.219,17.961,11.776,14.504,19.879,20.959,21.564,23.434,16.612,20.637,14.967,16.921,7.815,14.858,18.549,18.919,21.639,21.606,21.606,21.639,21.64,21.64,21.64,21.639,21.639,21.64,21.639,21.64,21.64,21.641,21.639,21.639,21.639,21.638,21.639,21.639,21.639,21.639,21.639,21.642,21.64,21.641,21.639,21.64,21.64,21.64,21.64
21.834,21.945,21.944,21.944,21.909,21.944,21.91,21.944,21.91,21.909,19.055,22.113,21.436,21.93,21.906,21.91,21.913,21.913,21.914,21.919,21.912,21.913,21.913,21.912,21.912,21.811,21.913,21.914,21.913,21.637,21.945,21.914,21.914,21.915,21.914,21.78,19.161,12.923,17.59,14.061,0,6.916,8.8305,8.5827,8.8173,7.035,6.5492,7.7523,8.7669,10.255,10.772,11.36,12.052,16.815,14.783,18.067,13.642,13.771,11.458,8.6775,14.39,9.3172,11.64,14.708,18.438,15.032,9.7839,13.109,19.39,16.942,17.318,22.759,21.726,17.936,21.663,21.925,21.907,22.085,23.32,23.32,23.32,22.467,23.598,15.78,16.219,18.487,18.194,16.08,19.5,21.088,21.197,22.443,17.428,21.167,9.5012,13.148,16.014,12.641,14.27,17.437,21.908,21.909,21.908,21.908,21.909,21.909,21.909,21.908,21.908,21.909,21.908,21.909,21.909,21.911,21.908,21.908,21.908,21.908,21.908,21.908,21.908,21.908,21.908,21.911,21.909,21.91,21.908,21.909,21.909,21.909,21.909
21.921,21.942,21.942,21.942,21.906,21.941,21.907,21.941,21.907,21.906,22.504,22.785,22.636,21.927,21.903,21.907,21.91,21.91,21.911,21.916,21.91,21.911,21.91,21.909,21.909,21.908,21.91,21.911,21.911,21.916,21.942,21.911,21.911,21.912,21.912,21.911,20.019,13.234,13.771,15.698,6.916,0,7.9814,6.6397,7.1768,5.8967,4.4396,7.9687,7.6992,9.6148,11.321,10.734,11.869,16.24,14.307,19.398,13.006,12.435,8.4654,4.1721,10.638,10.212,15.258,18.859,21.055,19.222,10.27,18.177,22.257,17.714,18.157,24.702,22.686,21.506,21.933,21.922,21.905,22.718,23.318,23.318,23.318,23.538,23.982,13.549,12.561,15.095,17.402,20.343,21.732,21.892,22.711,24.006,22.115,22.079,9.7631,12.119,14.41,6.348,13.065,15.707,21.906,21.906,21.906,21.905,21.906,21.906,21.906,21.906,21.906,21.906,21.906,21.906,21.906,21.908,21.905,21.905,21.905,21.905,21.905,21.905,21.906,21.905,21.905,21.908,21.906,21.907,21.905,21.906,21.906,21.906,21.906
22.201,22.273,22.272,22.272,22.237,22.271,22.238,22.272,22.238,22.236,22.835,23.115,22.91,22.258,22.233,22.238,22.241,22.241,22.242,22.247,22.24,22.241,22.241,22.24,22.24,22.239,22.241,22.241,22.241,22.247,22.273,22.242,22.241,22.242,22.242,22.241,18.998,14.888,18.523,17.415,8.8305,7.9814,0,8.781,7.7166,5.8462,8.6503,5.4371,5.9915,5.3972,5.0362,7.2475,10.584,11.576,9.6328,15.124,14.454,15.296,10.022,11.138,14.59,11.538,17.138,17.675,18.448,19.016,10.551,17.759,22.546,17.816,18.623,25.028,23.06,21.624,22.314,22.252,22.235,23.049,23.648,23.648,23.648,23.607,23.858,14.757,14.559,19.194,18.113,20.073,21.441,22.408,22.419,23.715,21.622,22.368,12.747,16.124,16.652,11.798,12.573,15.87,22.236,22.237,22.236,22.236,22.237,22.237,22.237,22.236,22.236,22.237,22.236,22.237,22.237,22.238,22.236,22.236,22.236,22.235,22.236,22.236,22.236,22.236,22.236,22.239,22.237,22.237,22.236,22.237,22.236,22.237,22.237
21.891,21.962,21.961,21.961,21.926,21.961,21.927,21.961,21.927,21.926,22.479,22.804,22.599,21.947,21.923,21.927,21.93,21.93,21.931,21.936,21.929,21.93,21.93,21.929,21.929,21.928,21.93,21.931,21.93,21.936,21.962,21.931,21.931,21.932,21.931,21.93,19.342,13.483,15.059,15.853,8.5827,6.6397,8.781,0,2.4089,4.7342,6.1248,8.786,10.594,11.266,11.803,12.796,13.267,16.52,14.53,16.774,12.415,14.442,10.888,7.036,14.586,13.255,16.214,17.665,18.443,18.746,11.594,16.694,22.276,20.613,21.023,24.718,22.749,21.236,22.045,21.942,21.924,22.738,23.337,23.337,23.337,23.475,23.685,16.378,16.198,13.836,17.571,19.806,21.292,22.097,22.614,23.566,21.855,22.053,12.215,13.803,15.138,8.8039,15.491,18.791,21.925,21.926,21.925,21.925,21.926,21.926,21.926,21.925,21.925,21.926,21.925,21.926,21.926,21.928,21.925,21.925,21.925,21.924,21.925,21.925,21.925,21.925,21.925,21.928,21.926,21.927,21.925,21.926,21.926,21.926,21.926
